/usr/local/bin/python3.11 /Users/taquin/Dropbox/dev/github/wacotaqo/advent-of-code/2022/python/day11/aoc22_day11_code_part1.py
After round 0
  [76, 76, 24, 23, 21, 19, 28, 21, 21, 31, 11, 9, 12, 5]
  [2700]
  [98]
  [91]
  [11, 11, 11]
  [28, 21, 594, 515, 594, 17426, 10, 12, 8, 7, 8, 37, 38, 62, 49, 47]
  []
  []
After round 1
  [6, 5, 1939, 4, 4, 4, 7, 10, 103]
  [17]
  [21]
  [11, 11, 11]
  [199, 173, 199, 5, 3, 13, 17, 17]
  [1069, 12, 49, 49, 16, 15, 14, 19, 15, 15, 21, 7, 9, 5]
  []
  []
After round 2
  [4, 4, 4, 4, 4, 5, 4, 4]
  [51]
  []
  [199, 173, 199, 5, 3, 13, 17, 17]
  [357, 5, 17, 17, 7, 3, 3]
  [55, 55, 55, 37767, 3, 3, 3, 5, 5, 1222, 6, 8]
  []
  []
After round 3
  [3, 3, 3, 138, 4]
  []
  []
  [357, 5, 17, 17, 7, 3, 3]
  [19, 19, 19, 3, 3, 3, 7, 4199]
  [55, 55, 55, 55, 55, 55, 55, 24, 21, 24, 2, 2, 3, 4, 4, 5]
  []
  []
After round 4
  [19, 19, 19, 4199, 5, 3, 3, 3, 3, 3]
  []
  [119]
  [3, 3, 3, 7]
  [19, 19, 19, 19, 19, 19, 19, 9, 9, 3]
  [55, 2, 4, 4, 2, 2, 2, 4, 4, 4, 89]
  []
  []
After round 5
  [19, 19, 19, 19, 19, 19, 19, 3, 3, 3, 3, 3, 3, 3, 3, 3]
  [4720]
  [7931]
  [9, 9, 3]
  [19, 31]
  [2, 2, 2, 2, 14, 14, 14, 5, 4, 4, 4, 4, 4]
  []
  []
After round 6
  [19, 527, 3, 3, 3, 3, 4, 4, 4, 3, 3, 3, 3, 3]
  [20966920]
  []
  [31]
  [3]
  [3, 3, 2, 14, 14, 14, 14, 14, 14, 14, 4, 4, 4, 4, 4, 4, 4, 4, 4]
  []
  []
After round 7
  [3, 3, 3, 4, 4, 4, 4, 4, 4, 4, 3, 3, 3, 3, 3, 3, 3, 3, 3]
  []
  []
  [3]
  [2329659]
  [55, 55, 55, 5, 14, 333, 4, 4, 4, 4, 4, 4, 4, 4, 4]
  []
  []
After round 8
  [4, 40, 3, 3, 3, 3, 3, 3, 3, 3, 3]
  []
  []
  [2329659]
  [19, 19, 19, 3]
  [55, 55, 55, 55, 55, 55, 55, 2, 4, 4, 4, 4, 4, 4, 4, 4, 4, 4, 4, 4]
  []
  []
After round 9
  [19, 19, 19, 3, 3, 3, 3, 3, 3, 3, 3, 3, 3, 3, 3, 3]
  []
  []
  [3]
  [19, 19, 19, 19, 19, 19, 19]
  [55, 258853, 27, 4, 4, 4, 4, 4, 4, 4, 4, 4]
  []
  []
After round 10
  [19, 19, 19, 19, 19, 19, 19, 6, 3, 3, 3, 3, 3, 3, 3, 3, 3]
  []
  []
  []
  [19, 86285]
  [2, 14, 14, 14, 4, 4, 4, 4, 4, 4, 4, 4, 4, 4, 4, 4, 4]
  []
  []
After round 11
  [19, 3, 4, 4, 4, 3, 3, 3, 3, 3, 3, 3, 3, 3, 3, 3, 3, 3]
  []
  []
  [86285]
  []
  [14, 14, 14, 14, 14, 14, 14, 5, 4, 4, 4, 4, 4, 4, 4, 4, 4]
  []
  []
After round 12
  [4, 4, 4, 4, 4, 4, 4, 3, 3, 3, 3, 3, 3, 3, 3, 3]
  []
  []
  []
  [3]
  [55, 55, 55, 9589, 14, 4, 4, 4, 4, 4, 4, 4, 4, 4, 4, 4, 4, 4, 4]
  []
  []
After round 13
  [4, 3, 3, 3, 3, 3, 3, 3, 3, 3, 3, 3, 3, 3, 3]
  []
  []
  [3]
  [19, 19, 19, 3197]
  [55, 55, 55, 55, 55, 55, 55, 4, 4, 4, 4, 4, 4, 4, 4, 4]
  []
  []
After round 14
  [19, 19, 19, 3, 3, 3, 3, 3, 3, 3, 3, 3]
  []
  []
  [3197]
  [19, 19, 19, 19, 19, 19, 19]
  [55, 2, 4, 4, 4, 4, 4, 4, 4, 4, 4, 4, 4, 4, 4, 4]
  []
  []
After round 15
  [19, 19, 19, 19, 19, 19, 19, 3, 3, 3, 3, 3, 3, 3, 3, 3, 3, 3, 3, 3, 3, 3]
  [357]
  []
  []
  [19]
  [14, 14, 14, 4, 4, 4, 4, 4, 4, 4, 4, 4]
  []
  []
After round 16
  [19, 4, 4, 4, 3, 3, 3, 3, 3, 3, 3, 3, 3]
  []
  []
  []
  [41]
  [14, 14, 14, 14, 14, 14, 14, 4, 4, 4, 4, 4, 4, 4, 4, 4, 4, 4, 4, 4, 4, 4]
  []
  []
After round 17
  [4, 4, 4, 4, 4, 4, 4, 3, 3, 3, 3, 3, 3, 3, 3, 3, 3, 3, 3, 3, 3, 3]
  []
  []
  [41]
  []
  [55, 55, 55, 14, 4, 4, 4, 4, 4, 4, 4, 4, 4]
  []
  []
After round 18
  [4, 3, 3, 3, 3, 3, 3, 3, 3, 3]
  []
  [14]
  []
  [19, 19, 19]
  [55, 55, 55, 55, 55, 55, 55, 4, 4, 4, 4, 4, 4, 4, 4, 4, 4, 4, 4, 4, 4, 4]
  []
  []
After round 19
  [19, 19, 19, 3, 3, 3, 3, 3, 3, 3, 3, 3, 3, 3, 3, 3, 3, 3]
  [65]
  []
  []
  [19, 19, 19, 19, 19, 19, 19]
  [55, 4, 4, 4, 4, 4, 4, 4, 4, 4]
  []
  []

0 inspects 274
1 inspects 12
2 inspects 55
3 inspects 267
4 inspects 73
5 inspects 312
6 inspects 247
7 inspects 315
98280

Process finished with exit code 0
